Time	Oil	Rate	Invest	GDP	Stock
1	71.1450	0.5173	57.0831	42.5547	562.7094
2	70.1234	0.6159	58.8645	41.9600	562.4348
3	71.8604	0.4454	58.1279	42.1989	563.3448
4	74.0118	0.7612	57.1026	42.7626	562.4370
5	72.6533	1.0238	54.5683	42.9198	554.0669
6	70.4188	0.7176	54.0121	42.1198	556.0728
7	67.7682	0.5425	53.6510	42.2455	554.7197
8	68.7058	0.5628	53.9937	41.1920	557.5413
9	73.4940	0.4664	55.6978	41.0489	558.7985
10	72.9762	0.5504	55.6907	41.5424	552.3194
11	73.5934	0.5834	55.0437	42.0163	546.5034
12	72.5929	0.5204	54.0650	41.1806	540.2782
13	67.5188	0.6551	53.7903	40.9943	532.9013
14	72.4094	0.5864	52.5337	40.2842	547.5268
15	76.3640	0.5994	53.4005	38.9427	541.4929
16	81.6116	0.8419	53.8659	38.7938	521.1429
17	77.8754	1.1777	52.0659	39.4978	494.8133
18	72.3049	1.5206	52.5694	39.8640	493.3106
19	69.6962	1.4121	52.1551	40.3182	494.9855
20	72.6924	1.1131	50.4955	39.7241	509.7607
21	73.6524	0.9296	51.3630	38.5439	507.0063
22	74.6547	1.3005	51.8557	38.4976	504.2719
23	74.8459	1.2127	51.2599	38.0504	494.9164
24	75.1377	1.2833	49.1453	37.3284	491.6739
25	67.5654	1.4270	49.3319	36.5216	484.6233
26	71.2552	1.1030	49.7821	36.0964	487.4116
27	74.9826	1.2554	50.4809	36.0212	485.0884
28	76.2680	1.4384	51.4203	35.8834	475.0415
29	77.2776	1.2968	52.8770	36.4459	456.6723
30	77.2345	1.2119	52.2264	37.2994	454.9737
31	76.7010	1.2340	51.9089	37.3236	457.9611
32	76.7025	1.2830	51.9767	37.2129	457.8664
33	73.9866	1.4548	52.0198	38.2958	454.6684
34	74.2618	1.7325	50.3926	38.4512	465.8264
35	68.5671	1.6743	50.7603	36.7566	472.0967
36	68.1696	1.4745	48.8000	37.9330	485.6727
37	71.7486	1.3892	48.2507	37.4186	493.5191
38	66.0628	1.2503	48.9533	36.8140	491.8772
39	64.3585	1.3796	49.6256	35.4436	503.3985
40	66.1390	0.8246	48.8011	35.2814	506.2192
41	63.5024	0.9846	50.1248	34.5879	509.9862
42	63.0016	0.7482	50.9349	34.0342	511.8541
43	62.9880	0.6265	51.4464	33.7706	501.7337
44	64.9803	0.2182	53.8206	33.9423	502.8765
45	63.9089	0.0771	55.9074	35.0902	501.1113
46	64.8718	0.0000	56.7357	34.5670	510.8420
47	65.7597	0.0000	58.2497	34.9501	507.3342
48	65.6417	0.0000	59.4990	35.4086	504.0244
49	64.4923	0.0000	59.5766	36.9492	498.8466
50	61.9251	0.0000	60.5623	38.5576	505.7168
51	64.1827	0.0000	62.6355	38.7974	524.1452
52	63.2651	0.0000	64.4947	40.3297	533.7158
53	64.2693	0.0000	64.9281	40.5716	547.6873
54	64.8320	0.0000	64.9486	41.2193	553.8580
55	64.7992	0.0000	65.2878	43.4588	566.9240
56	64.6599	0.0000	63.7086	45.1325	584.1727
57	62.4802	0.0150	63.0282	46.1633	603.5255
58	66.7456	0.0000	64.7721	46.5094	625.0226
59	63.8412	0.0631	65.3427	48.2922	629.6307
60	64.6784	0.0000	66.1490	48.1272	641.7366
61	63.2074	0.0000	67.4389	48.7182	656.6166
62	62.4045	0.0000	68.1362	50.0063	668.0796
63	63.1083	0.0000	67.5302	52.0919	687.2265
64	64.0567	0.0000	67.9323	52.0649	700.3617
65	62.5406	0.0000	69.7002	53.2218	713.7456
66	62.6551	0.0000	69.0225	55.0849	722.9641
67	65.2517	0.0000	68.9011	55.9946	740.9658
68	67.9296	0.0667	68.6640	55.4519	752.7947
69	70.0790	0.0000	68.9340	56.2256	754.4061
70	67.1735	0.0921	70.1266	55.8957	750.7490
71	70.3618	0.0000	70.2276	56.5234	753.6241
72	72.4980	0.0000	70.1502	56.7799	753.3248
73	69.7059	0.0603	71.1136	56.6144	749.7669
74	68.4441	0.1834	70.0002	57.9502	751.5849
75	65.8755	0.0000	69.1072	58.2921	759.2088
76	67.4550	0.0000	68.6808	58.7620	774.2326
77	65.8736	0.0000	67.7731	59.0509	783.6703
78	65.9848	0.0340	69.0739	58.9902	796.6461
79	64.4714	0.0000	68.1665	58.5182	801.8430
80	65.9264	0.0000	68.1133	58.3186	808.3087
81	65.7240	0.0000	67.3492	57.6192	811.6220
82	69.1926	0.0000	69.1495	57.3858	807.3116
83	69.2015	0.0476	69.1504	57.1316	795.2699
84	71.3567	0.0000	69.8467	57.9438	781.9654
85	71.8389	0.0362	71.9786	57.7912	778.5622
86	75.5597	0.2822	72.0504	58.5145	774.0696
87	78.8194	0.5203	71.0514	60.2568	767.7565
88	79.5224	0.5880	71.0870	60.1934	762.3367
89	76.5114	0.9532	71.8505	61.7367	753.3234
90	79.3464	1.1808	70.6869	62.0703	765.3718
91	77.6682	1.2999	69.6991	62.8249	769.1428
92	78.6843	1.4306	69.0447	61.8018	774.8476
93	75.3185	1.5415	67.3019	61.1346	773.7966
94	74.0905	1.5737	65.4561	60.2055	774.9450
95	70.7138	1.6091	65.1163	59.5605	774.7649
96	69.7991	1.7844	64.3980	58.5850	772.8874
97	69.2915	1.5659	63.2536	57.7815	776.0655
98	69.9329	1.5100	63.9555	57.2764	780.0971
99	65.8528	1.2267	61.6394	56.5954	782.1312
100	64.1022	1.1090	61.4931	56.2168	781.2893
101	62.9454	0.7548	61.6552	54.6043	780.4940
102	65.5826	0.4169	62.7256	54.0033	780.6458
103	62.8895	0.1408	63.3682	53.1325	773.8561
104	60.3938	0.0000	65.6587	51.8243	768.8421
105	58.2406	0.0000	67.2995	52.9903	765.0971
106	55.7546	0.0000	69.4403	54.2867	767.5484
107	54.3135	0.0000	70.1799	56.0636	787.9217
108	54.3827	0.0000	71.5030	56.1525	811.6456
109	54.9677	0.0000	70.6904	57.1628	823.5892
110	56.5170	0.0000	72.2915	58.3772	832.5025
111	55.9768	0.0000	72.9164	59.2089	843.7286
112	55.8768	0.0000	73.2743	59.9075	858.8500
113	54.5430	0.0000	73.2506	60.4514	871.6448
114	56.0996	0.0000	72.1403	60.2146	884.5665
115	57.9780	0.0000	71.8117	59.7120	891.9000
116	57.3784	0.0000	71.7533	59.8137	883.4990
117	58.5451	0.0000	72.5780	59.6198	883.2209
118	61.7253	0.0000	72.9753	59.8844	878.6627
119	62.7582	0.0000	73.5717	60.7502	873.1544
120	63.1858	0.0000	73.7813	62.9634	865.2168
121	65.0258	0.0000	73.9518	62.5938	870.4716
122	65.6059	0.0000	74.7107	63.6790	868.3572
123	64.9712	0.0000	76.1797	65.1317	871.6151
124	67.3552	0.0000	75.9930	64.5507	884.3394
125	65.4606	0.0457	76.0268	65.2287	880.2636
126	65.1128	0.0000	75.2671	65.0197	889.0123
127	65.7801	0.0000	74.8263	65.1452	893.6079
128	66.1635	0.0984	74.6450	66.3189	897.4018
129	65.0935	0.1109	73.3600	66.9739	899.7963
130	67.3496	0.1203	73.7168	66.9574	904.9742
131	65.9052	0.0000	73.0765	66.9029	903.9397
132	68.8195	0.0000	74.0646	65.8206	911.2047
133	71.5051	0.0000	74.3999	66.4746	901.0967
134	71.4119	0.0000	73.1834	66.2523	889.7654
135	68.6699	0.0000	73.7569	66.0756	887.3257
136	68.3374	0.0000	73.7021	65.8318	882.6230
137	68.5804	0.0000	73.9300	65.1376	880.1388
138	69.6537	0.0000	72.7074	66.3671	874.8328
139	70.4639	0.1924	72.3892	65.6582	873.7422
140	69.7023	0.0775	72.8007	64.3661	873.4256
141	71.3974	0.0939	72.4021	64.5423	869.8326
142	70.8132	0.0000	73.1789	64.2315	861.8994
143	70.0920	0.0000	73.5674	64.6103	863.3707
144	68.4483	0.0000	73.3123	63.4007	860.1838
145	70.1024	0.0000	73.2242	63.1320	852.2203
146	68.6359	0.1462	73.3410	63.6099	848.7813
147	67.3328	0.1030	72.7648	64.2048	849.1641
148	67.5147	0.0000	72.1483	64.6439	856.2534
149	67.0444	0.0000	71.9994	65.3542	864.9330
150	68.3396	0.0393	71.1246	65.4451	872.5235
151	67.6243	0.2431	70.3373	65.8674	875.3511
152	68.4332	0.1878	71.1070	65.2283	882.6478
153	66.7365	0.1198	70.4181	65.6115	882.0059
154	67.3177	0.0000	69.0309	65.3285	880.8140
155	66.5572	0.0000	69.0692	63.4932	880.5179
156	69.0517	0.0000	68.7666	62.2404	873.3064
157	70.2696	0.0145	68.6114	61.2476	858.2553
158	73.9385	0.0000	69.4183	61.2441	843.9223
159	73.2454	0.0314	69.8026	61.1589	830.3438
160	73.1517	0.0000	70.7475	61.2447	817.5272
161	74.2424	0.1724	70.9378	61.6768	814.2117
162	74.3925	0.2615	70.2479	62.4949	806.9328
163	73.4799	0.3780	69.6026	62.2948	809.0979
164	70.9990	0.2670	68.2680	62.0453	811.7849
165	69.5771	0.3964	69.4748	61.8571	818.4985
166	68.1293	0.4196	68.6093	62.3048	823.4695
167	69.1702	0.3310	67.4133	61.7909	832.6839
168	71.5370	0.0000	66.7664	60.1713	832.7019
169	74.6903	0.0000	67.1379	60.0167	822.4410
170	74.6542	0.2423	67.4141	59.2516	806.7427
171	74.8080	0.5917	67.7382	59.2941	790.5437
172	74.1992	0.4026	66.0980	59.6071	784.3479
173	72.5166	0.4586	66.7256	58.4555	779.7399
174	74.0448	0.5742	65.2831	57.8019	777.3374
175	74.0144	0.3356	65.8193	55.9282	767.7492
176	71.7173	0.7449	65.2207	55.2782	748.2951
177	70.5989	0.9133	65.1417	54.9197	744.2876
178	71.8743	0.8701	63.8158	54.6875	738.6480
179	73.0281	0.6910	63.4411	54.2120	733.7384
180	71.6889	0.7683	63.2246	53.8122	725.3493
181	72.5288	0.9168	62.5498	53.8658	719.5968
182	71.1348	0.6731	61.3779	54.3983	715.3935
183	73.0690	0.6594	61.1787	53.1653	714.0393
184	72.5905	0.5532	60.8420	52.6817	709.2828
185	72.8096	0.5592	61.3204	52.2747	697.7239
186	71.6329	0.8222	60.9517	51.9410	692.4145
187	69.9258	0.6752	60.3552	50.2488	684.3687
188	71.6708	0.4746	60.3868	49.2720	681.8328
189	69.7558	0.4718	61.3938	49.5637	668.1888
190	71.1879	0.3809	61.3258	48.6265	665.0041
191	72.9777	0.3876	61.2146	48.6765	658.6159
192	71.5349	0.4959	60.4973	49.4123	651.1832
193	71.9798	0.4323	60.3420	48.7718	648.6657
194	74.5863	0.2366	59.9840	48.9647	644.5006
195	75.3315	0.2777	60.3953	48.2993	633.2341
196	77.2211	0.3254	60.7411	47.9112	625.1336
197	78.1993	0.2964	61.2782	48.3368	615.6721
198	79.6710	0.2944	61.0198	47.8350	610.0360
199	84.4860	0.5874	61.5488	47.5091	599.5167
200	83.1093	1.5033	61.5348	47.5187	579.7130
201	78.8541	1.7619	59.3151	48.4915	570.2497
202	78.5119	1.8175	58.2049	48.5115	569.8960
203	79.3741	1.9990	55.7113	47.7608	575.8196
204	77.3351	2.4209	54.7005	46.8909	574.8366
205	76.1981	2.5639	52.7393	44.6816	575.3383
206	77.3005	2.5170	49.3075	44.0547	566.8104
207	74.4293	2.3946	47.5881	42.9379	558.4326
208	73.0840	2.5398	47.4886	41.5089	549.4220
209	72.5270	2.7052	47.3236	38.8545	542.5088
210	72.1567	2.6784	46.2921	37.4854	526.9941
211	72.7849	2.6284	45.2609	36.5954	517.2975
212	71.5857	2.4822	44.1911	35.8768	503.4545
213	71.9991	2.4582	43.8099	35.5756	493.0664
214	70.2532	2.3886	44.1230	33.6172	486.2374
215	73.5182	2.0972	45.2228	31.6589	473.4176
216	71.6890	2.2633	45.8733	30.4461	450.2193
217	72.8255	1.8124	46.0776	30.7851	433.5981
218	78.4314	1.7068	47.0424	30.7801	422.0035
219	71.1548	2.2341	47.1082	30.2293	396.1436
220	71.3409	2.0609	47.3481	30.5939	392.5413
221	75.4436	1.7903	47.6848	31.4740	394.6666
222	77.6511	1.6441	47.5544	31.9903	390.9779
223	76.0987	1.7819	49.0490	31.3896	384.2126
224	76.5514	1.9186	47.4996	31.0536	376.8747
225	74.4199	1.9742	47.9954	31.1544	376.1384
226	72.5795	2.1767	47.5004	31.7191	379.4671
227	68.7536	2.1035	46.5579	31.5094	385.5346
228	72.1482	1.5610	46.6121	30.9124	399.4904
229	74.3678	1.4948	46.6955	30.3701	393.2162
230	72.6346	1.6144	49.0369	30.6285	391.4728
231	73.3127	1.6826	48.2572	32.0123	391.4964
232	70.6273	1.6257	48.1580	32.4455	395.7048
233	69.8117	1.7981	47.2948	32.1723	401.6708
234	70.3130	1.9844	46.9871	32.6382	406.3912
235	74.0890	1.9447	47.8647	30.2748	419.2917
236	75.4772	1.8102	48.3615	29.8388	409.6784
237	73.2479	1.8980	48.1650	29.4903	394.2970
238	69.4567	1.8272	47.1264	29.7809	386.1950
239	67.6430	1.7481	46.6498	30.9047	395.6427
240	68.7862	1.5144	49.0260	29.9310	401.2488
241	66.3107	1.4177	48.0663	30.3591	409.3708
242	69.2244	1.1401	47.7342	30.8332	416.2783
243	65.8350	0.8022	48.9983	31.2385	417.5565
244	71.3237	0.5654	50.2457	31.2928	422.7518
245	70.6834	0.6328	51.7634	32.0850	418.1320
246	72.1820	0.6536	52.9936	33.0606	416.7196
247	72.0594	0.5489	53.2554	33.6554	420.6101
248	74.2939	0.6216	55.2851	34.2667	426.0412
249	69.0073	0.7153	55.4822	33.7938	424.3727
250	67.2990	0.8098	55.1877	34.7832	431.5080
251	68.3440	0.5225	54.4324	35.6352	439.6943
252	67.0730	0.0846	54.3467	35.8912	456.2431
253	67.6554	0.0000	55.4949	36.9751	467.4223
254	65.7314	0.0000	55.7609	37.0771	479.8596
255	66.8691	0.0000	57.1646	38.5279	486.8739
256	66.2517	0.0000	57.8778	38.9225	505.7193
257	67.5018	0.0000	58.3578	40.4188	524.9913
258	70.1069	0.0000	58.2543	40.7373	535.6576
259	70.9141	0.0000	58.6667	41.1810	537.1165
260	68.3964	0.0000	60.4318	41.0297	535.7742
261	67.3744	0.1198	61.3479	42.3491	540.3307
262	68.1931	0.0000	61.6286	43.6650	553.4875
263	69.6054	0.0481	60.6538	45.2088	559.8687
264	70.0528	0.0000	59.5622	45.4089	571.7521
265	70.0146	0.0338	58.4159	44.5248	582.1205
266	69.2556	0.1831	59.5003	45.0881	588.2387
267	69.0095	0.1707	59.4348	44.6783	596.5606
268	68.9161	0.2340	60.7617	45.5848	603.4216
269	68.8471	0.0336	61.0595	45.6963	607.1977
270	69.7410	0.0736	61.2696	45.6829	609.3762
271	69.1845	0.2974	61.0354	45.5621	605.3443
272	69.7938	0.2468	60.8930	44.8379	606.6934
273	69.4154	0.3360	61.5010	44.9195	601.6037
274	71.6313	0.2683	61.8996	44.1758	601.8785
275	67.0682	0.3094	62.7109	44.8237	591.9361
276	62.3302	0.1143	61.9607	44.9456	600.8705
277	62.6330	0.0000	63.8774	44.9907	619.3438
278	61.9288	0.0000	64.7755	46.6517	630.3441
279	60.9414	0.0000	64.8444	47.1931	641.9854
280	62.2305	0.0000	65.1619	48.1299	658.0017
281	65.9652	0.0000	64.6113	48.3835	666.9124
282	63.3006	0.0000	64.5230	50.3061	669.0024
283	63.1946	0.0000	62.6298	50.6049	684.6002
284	63.6904	0.0000	64.9925	51.0833	696.1679
285	64.7959	0.0000	64.3944	51.3082	697.8471
286	65.0292	0.0000	64.5402	52.4389	708.3526
287	66.4773	0.0000	65.3804	51.5874	718.3759
288	65.9337	0.0249	65.2495	52.1559	724.3251
289	62.8800	0.0000	66.2491	52.3417	727.1033
290	63.8674	0.0000	66.0211	52.1517	734.8324
291	63.6223	0.0000	66.4061	52.7160	740.6861
292	66.6588	0.0000	67.6770	53.6303	743.0602
293	69.5080	0.0000	67.4384	54.2126	743.8233
294	71.2291	0.0000	68.3680	54.5381	738.7001
295	71.6462	0.3036	66.8860	54.9572	733.3334
296	73.5010	0.4305	65.8377	54.6577	727.9948
297	74.6560	0.3955	65.1559	55.8041	725.1019
298	75.1642	0.5289	65.9251	56.1800	722.4292
299	74.3865	0.8883	66.8592	56.3544	723.9923
300	76.3037	1.0013	65.2546	56.2438	720.5135
301	75.1760	1.1404	63.9099	55.5635	712.5812
302	76.5354	1.4900	63.5918	54.5592	708.6944
303	76.0175	1.6986	63.2684	53.6173	696.2895
304	74.9391	1.7064	61.2302	52.8689	691.9781
305	75.7764	1.7011	60.9294	51.8230	685.6592
306	73.8916	1.8060	60.8467	50.9975	677.5224
307	72.3961	2.0099	60.2881	50.4284	671.6181
308	72.8518	1.6745	60.0298	49.4651	668.4322
309	73.8177	1.7284	60.0457	49.0710	654.5104
310	75.1776	1.6145	59.8770	48.0913	641.9209
311	75.5667	1.5077	60.5074	47.6841	626.0425
312	73.9441	1.7344	59.4864	48.2362	614.0626
313	71.4999	1.7703	58.7650	46.8302	614.1923
314	70.1410	1.8965	58.4662	47.4425	620.7471
315	69.8282	1.8758	58.0460	48.0563	622.0298
316	70.1625	1.6783	57.8315	47.8230	630.2771
317	68.8566	1.6710	58.7349	47.8616	633.4836
318	71.5077	1.6259	58.8867	46.7214	640.1883
319	73.2786	1.4191	59.1380	47.2255	632.0077
320	72.6709	1.3982	59.2016	46.6411	624.5822
321	73.3136	1.3244	60.8726	47.3103	616.1480
322	74.2532	1.3079	62.7389	46.6566	616.0989
323	74.0950	1.2637	61.6368	47.3577	612.2496
324	72.0191	1.3272	62.1024	47.9604	606.7817
325	72.7403	1.2391	62.3410	47.0078	607.6239
326	72.6008	1.1718	64.1078	46.7952	606.0236
327	71.2830	0.8794	62.9635	47.5447	606.1101
328	70.8236	0.8663	64.3714	46.8464	611.3703
329	71.4982	0.8203	65.9656	47.3638	615.5601
330	72.1940	0.8036	68.5379	47.7002	615.3576
331	73.0410	0.9321	68.2885	48.8511	613.5369
332	72.0547	1.1250	68.5434	49.8532	617.5156
333	69.5684	1.1661	70.3004	51.8593	622.9204
334	72.3849	1.1793	70.3615	53.0891	643.7992
335	70.4726	0.9045	68.7164	53.6737	658.1033
336	70.9826	0.8184	67.8241	56.2608	677.2937
337	72.4314	1.0433	68.5909	57.3004	691.8530
338	71.7787	0.8738	67.9123	56.3486	710.3233
339	72.7498	0.8846	66.6826	57.0699	721.1429
340	72.2005	1.0001	66.6893	56.3274	730.7349
341	70.7468	0.9737	67.7819	56.6884	727.4465
342	67.7596	0.6795	68.5470	56.7059	731.4127
343	69.8676	0.5402	68.8706	56.9114	746.4557
344	67.2181	0.3013	70.9012	57.0705	750.6983
345	67.0648	0.0000	70.6312	57.5916	754.9839
346	64.2555	0.0000	72.9200	57.5124	766.8886
347	62.5710	0.0000	75.0975	59.1868	782.9111
348	63.4555	0.0000	75.5017	60.4353	797.0116
349	64.1534	0.0000	77.0374	62.1002	817.8264
350	66.8863	0.0000	79.6263	63.6108	827.8542
351	66.9555	0.0000	79.0078	65.2421	842.2815
352	63.7215	0.0000	79.9690	66.2551	850.0398
353	60.0181	0.0000	80.8544	66.6016	873.0627
354	57.9884	0.0000	81.3333	68.3803	894.8351
355	58.5807	0.0000	80.7820	69.4319	922.7876
356	57.9171	0.0000	81.6347	69.3202	948.8795
357	57.8909	0.0000	81.3277	70.5588	969.5614
358	59.2266	0.0000	82.5652	70.8399	985.7872
359	59.3129	0.0000	80.8387	70.8347	1002.6955
360	59.4368	0.0000	79.5989	70.7917	998.6459
361	59.2454	0.0000	79.1563	71.8609	1004.3064
362	59.7377	0.0000	79.2060	72.6186	1010.8278
363	59.8553	0.0000	80.8580	73.2113	1017.5810
364	62.7004	0.0000	80.5349	73.0428	1026.0487
365	62.0252	0.0000	80.5742	72.5663	1021.6413
366	60.9561	0.0019	80.3334	72.7147	1025.5331
367	62.3452	0.0000	80.7702	73.2929	1028.8941
368	61.1652	0.0000	80.5084	73.1460	1027.5044
369	59.7744	0.0000	80.9398	73.3109	1024.2390
370	62.2431	0.0000	80.4984	73.1663	1026.7370
371	64.8363	0.0000	80.7157	73.6958	1031.1891
372	64.7698	0.0000	79.7969	74.0661	1029.1100
373	64.2798	0.0000	82.1892	74.4214	1030.1357
374	66.4829	0.0000	81.7103	74.9538	1026.6941
375	67.0703	0.0000	80.5869	75.5813	1026.1048
376	69.9028	0.0000	79.7941	75.7016	1024.2894
377	70.5499	0.1240	78.3004	75.3374	1020.0538
378	69.1602	0.3216	78.7233	74.9245	1015.2653
379	68.9479	0.3600	78.5365	75.0655	1014.8264
380	68.6756	0.3373	77.6311	74.3223	1010.9237
381	70.1418	0.3377	78.0173	74.2053	1008.1164
382	72.4083	0.3082	77.3586	73.0517	1004.5333
383	74.2188	0.3596	75.5431	72.9011	984.2437
384	75.1114	0.8147	75.5285	71.5512	974.0329
385	76.7819	0.9599	76.0953	70.1632	957.8397
386	77.3978	1.2238	73.6034	70.5580	938.4695
387	76.4292	1.1292	73.9805	68.9259	922.3462
388	75.0648	1.5199	73.5512	68.6232	906.6637
389	75.7480	1.6203	73.8923	68.9020	895.8196
390	75.7961	1.5577	72.3105	68.0000	890.0415
391	74.7041	1.7322	70.7053	67.9354	882.4449
392	72.9070	1.8573	69.2695	66.7851	882.1255
393	72.3304	1.6533	67.8851	67.3410	880.6116
394	73.1517	1.6131	66.3153	65.6087	883.7169
395	68.8613	1.4953	65.1299	63.8192	875.7011
396	69.1778	1.2260	66.5341	60.8116	869.5972
397	70.0919	1.1741	66.6865	59.7064	853.1944
398	68.6486	0.9216	66.9299	58.5943	833.8059
399	69.7916	0.8982	67.8137	57.7114	814.0388
400	70.8220	0.7136	66.9968	57.7919	801.6366
401	71.5609	0.5496	66.3429	58.2594	788.1990
402	72.2630	0.6725	67.8294	57.4336	780.1497
403	72.1483	0.8035	67.5941	56.6641	774.0543
404	73.9425	0.8419	68.3398	57.0021	764.8297
405	73.1079	0.7205	68.9587	56.6425	754.6885
406	74.3368	0.7131	70.1992	56.1877	749.6990
407	76.7495	0.6319	68.6308	56.7006	734.8555
408	76.8282	1.1095	68.8036	56.2813	727.0873
409	77.3603	0.7018	68.8493	56.0055	721.7286
410	74.3145	0.7265	69.4087	57.1105	713.0895
411	73.5575	0.7792	68.3950	56.7501	718.6288
412	74.0886	0.8983	68.9817	56.2528	726.3191
413	76.4803	1.0947	69.5551	57.2145	725.8216
414	74.4942	1.2992	69.3235	58.4913	724.1239
415	70.9348	1.2944	69.0487	58.8007	732.1515
416	68.6955	1.1001	69.6080	58.8921	749.5019
417	68.5465	1.0315	68.1024	59.5370	762.1619
418	68.3145	0.9094	69.1621	58.4939	777.5732
419	66.8610	0.7221	67.9146	58.1458	781.6697
420	64.7358	0.5231	68.6255	57.4601	789.1162
421	65.0432	0.3245	67.7503	57.2420	789.5528
422	62.1813	0.0000	68.8543	58.1046	795.7815
423	63.8754	0.0000	69.5426	57.5589	802.9409
424	64.4594	0.0000	69.7086	57.7129	809.2661
425	67.2657	0.0000	71.7160	59.1518	806.5723
426	66.7553	0.0000	72.5890	60.1755	800.6433
427	66.7464	0.0000	72.5052	60.0879	812.2598
428	68.5090	0.0000	73.2421	60.9913	815.3037
429	69.0809	0.0000	73.3347	60.7357	819.2201
430	67.7860	0.0000	71.9122	61.8875	818.3411
431	66.1583	0.0000	70.7406	61.1890	830.5078
432	65.7458	0.0000	69.7744	60.8875	833.9135
433	66.5131	0.0000	69.2616	60.5611	833.8001
434	64.9981	0.0905	70.2043	60.4244	831.8498
435	64.8449	0.0000	70.6060	60.8953	832.0044
436	65.2578	0.0000	71.5844	60.9512	836.8328
437	63.4057	0.0000	69.6985	60.8452	832.3264
438	64.9115	0.0000	69.4402	61.5460	835.5016
439	65.3890	0.0000	68.2159	62.0235	836.3975
440	65.6484	0.0000	68.7580	61.8035	839.2019
441	63.0942	0.0000	69.0603	61.8821	847.9782
442	64.8346	0.0000	68.8421	61.9705	854.4700
443	62.8802	0.0000	69.8695	61.4282	852.8260
444	62.7286	0.0000	70.4785	60.8252	855.5036
445	65.2541	0.0000	70.3267	62.0951	852.4890
446	67.3122	0.0000	69.7282	63.1037	854.1888
447	66.6156	0.0000	69.0567	62.3189	850.7334
448	66.2980	0.0000	69.1653	62.0231	854.8850
449	64.4331	0.0000	69.6117	61.5274	848.6433
450	65.6651	0.0000	69.3942	60.3460	853.5553
451	66.4662	0.0000	69.6622	60.8529	847.7645
452	66.3145	0.0000	69.7084	61.0472	840.2736
453	65.4006	0.0112	69.7074	61.3796	842.4282
454	66.1967	0.0000	70.7466	61.2665	846.0489
455	65.2566	0.0000	70.7955	60.8573	841.8779
456	65.0907	0.0000	69.0633	60.6731	847.0543
457	65.5254	0.0000	67.5835	60.5859	844.4356
458	67.2210	0.0000	68.1924	59.5701	844.2407
459	66.2141	0.1557	68.2123	58.9382	831.7156
460	65.1810	0.0561	66.9233	58.9942	824.6124
461	66.5733	0.0678	67.4965	59.5391	818.8641
462	64.3059	0.0448	67.0731	59.0235	814.0664
463	63.8729	0.0000	68.4291	57.8963	817.9400
464	60.9076	0.0000	67.6698	58.3768	820.0362
465	60.3143	0.0000	68.9104	58.4467	829.9089
466	59.0478	0.0000	66.3579	57.3752	837.3209
467	62.0667	0.0000	67.5415	56.5235	834.2281
468	62.2856	0.0000	65.4015	56.1662	828.2598
469	62.9932	0.0000	65.8661	55.6902	821.3070
470	64.6586	0.0000	66.7643	55.5510	812.7288
471	65.6769	0.0000	66.8185	55.6354	807.0717
472	67.6988	0.0000	66.9493	55.4303	793.4380
473	68.6505	0.0793	67.6633	55.1729	782.0266
474	67.3710	0.2317	68.3756	55.8516	773.5027
475	69.4820	0.1467	65.5367	56.0263	771.4801
476	70.9251	0.0811	67.2406	55.0206	765.1786
477	71.9927	0.2923	66.9914	54.7738	749.6787
478	72.8072	0.3841	65.7932	55.0912	739.4326
479	73.3652	0.7405	64.8767	53.8976	733.1295
480	73.4173	0.8886	64.7296	54.4738	729.1556
481	73.3388	0.9265	63.2152	53.5470	722.4537
482	71.8950	1.0560	62.5928	53.2415	711.7398
483	69.2119	0.9334	61.5017	51.4828	708.5134
484	70.6427	1.0261	61.3786	50.5264	710.1829
485	72.9598	0.8284	61.5258	49.5974	699.4635
486	74.4591	1.0898	61.4614	50.4593	681.5206
487	76.6529	1.0497	60.3470	49.4408	673.8648
488	78.3083	1.4727	60.6990	48.2817	654.6977
489	75.3665	1.5765	58.8600	48.1564	630.9648
490	73.8675	1.4904	56.9891	49.5898	625.0114
491	74.9737	1.4900	56.2063	48.9140	626.2805
492	73.8029	1.5048	54.5838	47.4362	622.9880
493	74.2392	1.1018	54.1633	47.1622	613.7957
494	73.5289	1.5244	54.2457	45.5398	609.6189
495	71.9916	1.5465	54.7562	43.9041	602.8529
496	71.8538	1.3422	54.7482	43.2345	590.0181
497	71.2963	1.2031	56.0264	42.0814	581.6048
498	71.0689	1.2206	56.4570	42.6666	575.9250
499	72.0531	1.1096	56.6478	43.2325	577.7367
500	75.0145	1.0650	56.1633	43.0582	575.8818
501	74.5709	1.1496	57.6188	42.6985	569.9751
502	73.9500	1.1190	57.5811	43.3096	554.9571
503	71.2492	1.4646	56.9105	43.4917	554.5517
504	71.0646	1.4278	55.3742	43.5195	558.1152
505	71.5926	1.2367	55.7935	42.7160	559.5422
506	70.1033	1.0454	57.4920	42.0239	563.6484
507	72.5581	0.9732	56.6287	42.0526	567.3243
508	71.2232	0.8222	57.4628	42.7607	562.4573
509	67.3446	0.8129	57.7075	42.3062	565.8544
510	65.8491	0.4808	58.7171	42.7045	572.2342
511	64.6277	0.2463	59.5286	42.4656	579.5946
512	69.6261	0.0000	60.2150	42.0774	582.9860
513	72.9189	0.0000	61.6292	43.4090	573.5269
514	72.5578	0.0839	63.2002	43.9861	572.2049
515	69.5426	0.0000	63.7932	44.6822	571.4395
516	70.5763	0.1642	64.7247	45.7398	574.8777
517	68.1441	0.2065	64.9587	48.4155	579.8538
518	63.9844	0.0958	64.8477	48.3443	606.0790
519	59.4260	0.0000	64.5638	48.3134	628.4089
520	61.9907	0.0000	66.1017	48.1636	655.9560
521	60.2927	0.0000	66.9376	50.5273	666.9585
522	58.2566	0.0000	68.1460	51.3573	690.3134
523	57.2351	0.0000	67.4627	52.9380	712.6884
524	62.2096	0.0000	68.2185	53.7013	734.8687
525	66.1268	0.0000	69.4881	54.6570	741.3638
526	64.9332	0.0482	68.1216	55.7755	746.9046
527	66.2505	0.1561	68.1112	55.8658	752.9914
528	65.9006	0.0000	67.4622	56.7548	766.7317
529	62.2454	0.0000	68.7625	56.2462	769.2861
530	59.5726	0.0000	68.4510	57.3751	778.1731
531	60.4145	0.0000	68.9201	57.9506	797.7993
532	62.5857	0.0000	70.1301	58.3482	813.6910
533	58.8135	0.0000	69.2844	58.8371	816.7640
534	58.5275	0.0000	71.0313	59.4493	828.1272
535	60.1797	0.0000	70.1958	58.7040	838.7974
536	60.2011	0.0000	69.9745	59.3647	841.7665
537	59.2342	0.0000	70.1376	59.6842	845.5879
538	57.6617	0.0000	70.6829	60.0331	851.2109
539	59.0283	0.0000	71.6060	61.0875	861.2864
540	61.1446	0.0000	71.5823	60.6717	867.1005
541	63.2934	0.0000	71.3898	60.9508	867.0870
542	62.7399	0.0000	71.2807	59.7912	865.3803
543	65.0395	0.0000	72.3174	60.1194	853.7484
544	62.8279	0.0000	72.0534	61.1415	850.7147
545	67.4667	0.0000	74.0107	61.2917	853.6114
546	66.0341	0.0000	74.5184	61.8479	842.1016
547	67.1887	0.0000	74.7175	62.0531	848.7088
548	68.3351	0.0000	74.1736	62.5385	849.0335
549	67.3430	0.0000	72.7931	62.9408	847.5319
550	69.7293	0.0000	73.0700	63.6778	854.3567
551	68.7956	0.0000	73.1819	63.9521	849.0232
552	70.0164	0.0291	73.7211	62.4782	852.3560
553	69.6452	0.0000	74.5046	63.5589	847.5202
554	71.3991	0.0000	74.6379	63.2066	849.6260
555	72.1627	0.1483	73.7073	63.4673	845.3373
556	71.0875	0.2768	74.6245	63.8812	839.3730
557	68.6178	0.1222	74.1200	64.0575	842.6027
558	69.3722	0.0000	74.2684	63.6472	847.8127
559	72.2562	0.0000	74.6747	63.3289	853.7206
560	72.2345	0.0000	75.1892	64.0772	849.7559
561	69.8052	0.1571	76.6568	65.1701	847.6642
562	70.3783	0.1122	77.1050	65.7473	856.6743
563	70.0052	0.2162	78.3667	65.5296	862.5752
564	70.3802	0.3058	77.8905	66.0725	869.7511
565	69.1967	0.4036	77.4612	66.7592	869.4694
566	69.5034	0.2030	75.8406	66.6226	871.5109
567	72.3706	0.3360	75.9201	67.0767	875.3783
568	73.5058	0.5286	76.6072	67.0395	879.3117
569	72.0498	0.9254	73.2702	67.6257	873.9376
570	73.3588	0.8530	73.5619	66.6696	876.3834
571	73.4955	0.8501	73.0007	65.7289	872.7212
572	75.0144	1.1402	71.7931	65.3073	861.6063
573	73.6481	1.2709	71.8957	64.5917	852.6102
574	69.8796	1.5702	72.5230	63.7897	846.0375
575	71.5146	1.4762	71.3620	63.1719	843.7535
576	71.4873	1.3140	69.4519	63.2473	834.0881
577	72.6271	1.1785	68.2970	62.7892	832.8619
578	71.1463	1.2695	68.2732	62.4399	827.7315
579	71.2251	1.0890	68.7318	62.0950	828.7915
580	70.0061	0.9372	69.9355	61.9080	823.6875
581	69.9102	0.7575	71.4841	61.0318	822.0417
582	71.3755	0.3577	72.3070	61.0363	818.2308
583	70.6298	0.3916	73.0604	61.4303	816.3239
584	72.6390	0.2089	73.0875	61.4737	814.7374
585	72.1795	0.3441	72.9439	60.9274	810.1160
586	73.3431	0.2960	74.9392	61.0101	809.3495
587	74.5799	0.3500	75.5951	61.6541	800.1456
588	75.3818	0.5836	76.8572	62.8296	797.2080
589	72.9706	0.8545	76.9389	63.8813	793.8540
590	72.0622	1.1009	75.9282	65.1642	807.9636
591	73.1022	1.1715	75.8201	66.3623	817.9121
592	72.6419	1.2296	75.2534	66.4194	829.9035
593	72.7331	1.4024	74.7206	67.2445	842.6359
594	73.3228	1.3843	75.0503	66.1829	855.4650
595	71.0603	1.5576	75.3685	65.8171	853.2554
596	72.7333	1.3164	75.5168	65.7170	855.8031
597	73.6442	1.4472	75.5810	65.7748	859.0676
598	74.1755	1.5124	75.0646	66.0442	855.9838
599	74.1808	1.4071	75.3376	65.7562	856.3967
600	75.1900	1.3405	73.6035	65.5055	854.6655
601	76.8045	1.3043	75.0748	65.2171	849.6875
602	78.1637	1.4040	74.8290	64.4216	836.5738
603	75.6858	1.3765	74.9661	64.5597	827.5302
604	73.5492	1.3570	75.2586	65.6289	820.2640
605	75.5341	1.3847	75.0104	65.8367	825.4225
606	71.7623	1.4929	74.1854	67.1409	829.5745
607	68.2965	1.6362	73.2671	66.9715	850.0787
608	71.4455	1.5100	73.6222	66.9557	870.8459
609	70.3100	1.1109	72.2740	66.8773	875.1933
610	70.8666	0.9325	72.2754	66.7506	879.8079
611	70.2598	0.6327	71.5558	66.7771	884.9889
612	70.9537	0.2852	72.8602	66.3928	888.0790
613	67.3529	0.2247	74.3655	65.5749	885.8509
614	71.2108	0.4016	76.2745	65.6401	882.2397
615	71.4147	0.3434	77.8653	65.9087	875.6067
616	68.6686	0.3177	78.1828	65.7241	882.9344
617	68.4359	0.2396	79.3142	67.9745	884.3449
618	70.1589	0.0754	79.5679	68.4635	896.5022
619	71.4112	0.0000	79.6288	69.4265	896.9710
620	71.5506	0.1532	80.9113	70.5973	905.9276
621	71.4260	0.2508	81.7480	70.4898	907.5363
622	70.3853	0.2568	82.2667	71.7136	912.4679
623	68.2393	0.4666	81.5363	72.3791	925.4039
624	68.6883	0.1242	79.7572	71.3697	941.5883
625	68.8935	0.0126	80.7020	72.6452	942.8786
626	68.9750	0.0447	80.6750	72.4684	953.4233
627	73.0055	0.1497	81.3894	73.4173	958.7623
628	74.1790	0.2152	80.7269	74.1869	959.2184
629	72.3451	0.5571	79.5144	73.6222	951.6444
630	74.4305	0.6678	78.7399	73.8546	954.2759
631	75.9305	0.7617	78.5600	74.3719	951.3599
632	73.6610	0.9653	79.4012	73.6056	947.6858
633	72.9435	1.0169	78.4554	73.7363	948.0985
634	71.8367	0.8650	79.9831	73.3449	954.4004
635	71.3888	0.9125	78.3545	73.8647	963.0437
636	71.7081	1.0125	77.4513	73.4254	967.7788
637	71.7828	0.9092	76.7881	72.4904	966.5213
638	71.0792	1.0129	75.8108	71.4261	963.1334
639	71.3724	1.0396	75.8423	70.6684	959.8904
640	71.4521	0.7545	75.8866	70.6687	951.2641
641	69.9247	0.5619	74.8205	70.1392	946.6582
642	67.9818	0.6643	76.1691	69.7427	945.3452
643	66.5552	0.5023	77.0024	70.0280	946.7970
644	66.1348	0.5616	76.6082	71.4189	953.2600
645	65.0966	0.4657	75.3258	70.8588	960.8255
646	66.4019	0.2669	75.9850	71.0845	970.5614
647	64.8447	0.4431	76.5625	71.0180	968.7395
648	63.7637	0.1612	77.0884	70.5630	970.2701
649	64.5742	0.0728	77.4174	69.5350	973.1351
650	63.6196	0.0000	78.6889	69.7071	968.8269
651	64.7465	0.0000	80.6739	70.2225	972.2387
652	65.2789	0.0000	82.5551	70.8697	972.8432
653	65.3489	0.0000	82.3465	70.9138	968.0044
654	66.3541	0.0000	82.1841	71.2156	971.8800
655	64.5587	0.0000	81.4677	71.2066	970.5258
656	64.4023	0.0000	80.9534	71.8588	974.8320
657	64.4535	0.0000	80.0418	72.2726	979.7947
658	62.8757	0.0000	80.5144	72.8952	986.4280
659	64.5867	0.0000	79.1208	71.8473	991.5514
660	65.2203	0.0000	78.4199	72.8017	995.3018
661	64.7239	0.0000	77.0282	71.6052	992.8562
662	65.2483	0.0000	77.4406	72.3829	994.1620
663	66.3765	0.0000	77.7407	72.0904	990.2200
664	65.3591	0.0000	77.7893	71.8077	987.8379
665	63.4359	0.0000	76.3072	71.3298	996.1614
666	64.4688	0.0000	76.6311	70.6966	994.2822
667	64.1719	0.0000	77.5776	70.7796	990.0698
668	64.5454	0.0347	76.8380	70.2124	986.1963
669	66.8624	0.0000	76.3520	71.3662	986.0244
670	65.8319	0.0000	76.4720	71.9297	981.1752
671	67.0710	0.0000	77.2434	71.2437	983.4985
672	68.8889	0.0000	77.9672	69.4764	982.1157
673	66.9580	0.0000	78.0909	69.4437	967.8041
674	68.2210	0.0000	77.4009	69.4975	957.2672
675	70.7537	0.0914	77.9643	70.3676	949.3828
676	70.1003	0.2134	77.6483	70.2393	942.1996
677	70.4891	0.2208	76.2389	70.1993	940.6871
678	70.6852	0.1608	76.9179	69.2842	936.9981
679	71.1190	0.2089	76.1725	69.7469	932.2263
680	71.9104	0.3430	76.0929	69.4990	926.6117
681	69.9492	0.3697	75.9458	69.3086	921.2466
682	67.8319	0.3279	75.0766	69.3090	918.7093
683	68.2192	0.3189	73.9136	68.9065	923.4739
684	69.1306	0.2355	73.7061	68.3816	929.9006
685	68.1292	0.0000	74.2309	68.0224	929.0506
686	68.8015	0.1278	74.2963	68.0200	928.9199
687	69.1625	0.0000	73.9622	66.9043	922.6843
688	68.4326	0.0000	74.4469	66.6028	916.7277
689	67.4211	0.0000	73.4682	66.5442	908.3707
690	67.3944	0.0000	74.6060	65.4701	909.3148
691	68.1743	0.0018	75.4070	64.8494	900.2080
692	70.3684	0.0000	75.4530	65.6813	895.5587
693	70.8652	0.3126	75.5941	65.7016	892.9618
694	69.1875	0.2662	75.3962	65.9022	885.1426
695	70.3534	0.2071	75.0888	65.2917	885.6839
696	71.5422	0.0949	74.1555	64.9047	886.6341
697	71.7307	0.3219	73.5143	65.8264	878.6008
698	72.0908	0.5330	72.9439	65.2290	877.9334
699	72.8483	0.6033	71.3193	65.0404	870.2931
700	72.4123	0.7100	71.5100	64.1109	863.5075
701	71.2122	0.4994	71.7668	64.8940	854.4040
702	71.9752	0.7438	71.7516	63.8166	860.1605
703	71.6590	0.6460	69.0910	63.5756	848.2934
704	71.0411	0.5534	69.6029	63.5864	841.6417
705	73.2500	0.7663	69.8627	61.8798	842.2678
706	76.0843	0.8878	69.0786	61.5717	831.5388
707	75.6378	0.9051	68.2122	61.4977	816.8160
708	73.4291	1.1369	67.1496	61.1246	810.6580
709	75.6954	1.3177	65.8108	61.3179	797.7633
710	76.5193	1.4646	65.5931	59.7589	796.3253
711	74.5779	1.2639	65.6706	58.8832	784.9442
712	73.8066	1.0994	66.0127	58.2895	773.2876
713	74.7472	1.1457	65.7576	57.6480	773.2059
714	77.3111	1.3910	64.3510	57.7574	764.3200
715	78.6467	1.5085	64.4298	57.1976	747.3889
716	77.5406	1.8471	63.0845	57.2127	737.1977
717	77.4364	1.8330	61.2586	57.5029	728.7859
718	79.8077	1.8931	58.4085	54.6208	725.5657
719	80.1316	2.0524	57.7698	52.9342	706.8781
720	79.0006	2.3105	57.3767	51.5610	684.8851
721	80.5793	2.3274	55.6623	50.7683	668.5722
722	79.2742	2.4854	56.2554	48.3750	654.3812
723	79.5000	2.5868	55.3962	47.2042	637.0732
724	78.8204	2.5993	54.8101	47.5697	615.3336
725	75.6961	2.5589	53.8215	46.1366	605.7683
726	77.1195	2.3281	52.1809	43.7294	599.8419
727	78.1696	2.3399	51.6822	42.6222	579.9561
728	76.6229	2.5035	52.3690	40.6188	552.9034
729	77.4198	2.2456	51.7230	39.0253	535.8070
730	78.3180	2.2223	51.9899	38.9797	516.4550
731	80.2025	2.5364	52.3705	39.8082	500.6772
732	82.2916	2.7790	51.3849	39.4236	493.3401
733	84.6030	2.8559	51.6089	38.3538	474.7845
734	82.2586	3.0888	51.3538	37.4286	457.8569
735	80.3611	3.1421	49.9225	36.5540	445.9078
736	78.6712	3.2101	49.0873	37.4754	442.9253
737	77.9244	3.1542	47.1654	37.3568	437.4971
738	74.6367	3.0820	46.6181	35.2607	444.2261
739	71.4509	3.0063	46.0830	34.0698	447.7740
740	70.6467	2.9917	46.5783	32.6972	450.9040
741	68.6441	2.8116	46.1850	32.7489	442.1280
742	68.7893	2.6599	47.9816	32.2577	447.3519
743	73.4906	2.1892	48.0502	31.4048	442.5164
744	72.2170	2.1293	48.4271	31.7447	426.4311
745	70.8469	2.0073	50.6206	32.0672	422.6516
746	69.6099	1.8597	50.2900	32.2278	421.9275
747	64.4228	1.5890	52.4911	34.0998	423.2700
748	60.4480	0.9833	53.7180	35.5190	440.5228
749	64.4675	0.3202	57.1125	35.7215	472.0258
750	63.1010	0.1347	58.6088	36.1679	488.5480
751	68.1269	0.1051	61.3638	38.4385	494.7038
752	66.7198	0.0000	63.8230	39.6423	499.0788
753	67.9773	0.0227	65.1864	40.8364	509.0642
754	65.6706	0.0000	67.0791	42.9536	525.5985
755	64.5859	0.0159	67.5683	44.8711	551.0791
756	62.9635	0.0000	69.2766	46.4650	577.5990
757	62.0107	0.0000	69.1537	47.2996	605.1091
758	61.7928	0.0000	68.6771	48.6039	626.7928
759	60.5558	0.0000	68.3300	50.0276	644.6368
760	60.2732	0.0000	68.2509	52.1292	666.8110
761	62.1178	0.0000	69.8304	53.0054	695.2381
762	60.3796	0.0000	71.5505	53.8134	712.5652
763	61.9889	0.0000	72.0719	55.3262	729.9983
764	61.1940	0.0000	71.2089	56.6540	752.1367
765	61.3515	0.0000	72.8951	57.2490	770.6595
766	60.6578	0.0000	73.1046	58.6878	788.0206
767	60.2975	0.0000	74.4315	58.9607	808.8142
768	63.6992	0.0000	74.8901	60.2039	825.5921
769	63.6393	0.0000	74.5623	61.4323	830.8289
770	65.4533	0.0000	74.7583	61.4383	841.5913
771	65.9437	0.0000	74.1206	62.3125	843.8211
772	65.5247	0.0616	74.6176	63.7438	847.0849
773	65.7865	0.2268	74.5537	64.5420	854.0924
774	65.8163	0.0000	73.5607	64.4115	868.1642
775	65.1756	0.0000	74.2768	64.5834	868.8625
776	67.4259	0.0000	75.1280	65.5080	880.1825
777	67.9106	0.0000	75.5090	64.9123	885.5818
778	67.1765	0.0000	76.3613	65.4219	883.1053
779	67.2725	0.0666	75.9403	66.9060	883.7460
780	68.5270	0.1467	75.2174	66.8713	887.6726
781	69.9130	0.0817	75.3296	66.4584	889.0876
782	67.2055	0.0000	75.5540	67.6964	890.3791
783	67.1710	0.0412	76.3826	68.1623	899.7622
784	66.1687	0.0000	76.6291	67.2444	905.5504
785	66.6306	0.0000	76.8064	66.7080	909.1220
786	67.7942	0.1032	77.1380	67.4812	913.0440
787	68.2388	0.0000	77.3942	67.8553	914.1413
788	68.3385	0.0000	77.1658	68.2017	910.8498
789	69.4340	0.0000	76.3615	68.2861	915.9455
790	69.1219	0.0000	76.7317	68.1942	921.8694
791	70.7696	0.0000	76.4477	68.9580	913.3037
792	70.6194	0.0000	77.1761	68.5614	914.5390
793	70.5178	0.0000	78.3850	68.7331	913.9803
794	69.4180	0.0133	78.2040	68.0619	910.2298
795	71.6045	0.0000	77.7805	68.5066	912.7130
796	67.2138	0.0983	76.7474	68.0260	905.9387
797	69.2181	0.0000	75.9356	67.9658	914.1111
798	68.5692	0.0000	75.3744	67.8143	913.8978
799	69.1703	0.0000	75.7376	66.5640	912.9956
800	67.2559	0.2591	78.3663	67.6591	910.4499
801	67.9037	0.2180	77.5544	68.4795	913.1267
802	68.0083	0.1994	77.4782	68.5549	920.8693
803	66.9732	0.0957	78.8891	68.8902	922.9918
804	66.2033	0.0000	80.0245	69.3893	927.8887
805	63.2285	0.0000	81.4248	69.6386	935.8512
806	63.2422	0.0000	83.0036	70.5934	946.0047
807	64.3754	0.0000	82.5733	72.3361	958.9730
808	67.5204	0.0000	81.6916	72.4757	969.2003
809	70.5306	0.0082	82.0840	72.5201	971.5940
810	71.8284	0.0207	81.2543	73.4453	959.0569
811	70.7084	0.0813	80.6414	75.0157	959.6991
812	66.7776	0.0000	82.3437	74.6885	971.2900
813	64.5102	0.0000	83.0470	75.1989	981.2608
814	65.1797	0.0016	82.7293	75.8505	991.7395
815	67.3100	0.0000	83.8999	76.4851	1006.6371
816	70.0436	0.0000	83.5322	77.2186	1020.1581
817	77.0391	0.0000	84.0686	77.6890	1019.3185
818	75.7480	0.2157	83.1325	79.3625	1010.7014
819	76.8121	0.6205	82.7815	79.7253	1012.7410
820	80.7852	0.6387	83.2989	78.7078	1012.9994
821	82.4190	0.9577	82.7188	78.4890	1004.0704
822	77.4338	1.2185	81.2904	78.2189	988.3059
823	76.1533	1.3083	78.4951	77.9115	994.1161
824	74.8875	1.4605	78.4027	76.8572	996.6223
825	73.7253	1.5115	75.4389	76.2034	997.3764
826	69.9613	1.4290	76.0888	74.7121	995.5538
827	73.0253	1.3693	76.0505	74.4212	998.9641
828	72.1809	1.3445	75.6613	74.6132	993.1505
829	67.2597	1.7231	75.6499	73.1429	989.4417
830	66.5880	1.7127	74.6566	72.6579	990.8801
831	61.7925	1.5764	74.4320	71.3036	990.6547
832	66.1989	0.9882	73.9968	69.7989	992.7180
833	71.5946	0.7288	74.8807	68.8529	980.3683
834	77.7088	0.7063	77.2954	68.4791	957.3232
835	81.1550	0.9308	78.5815	69.7854	924.3707
836	77.8937	1.4780	78.2483	69.2484	901.9545
837	75.3626	1.6795	77.2397	69.4568	894.2934
838	74.2560	1.5593	77.4771	69.0202	895.8401
839	77.8462	1.5306	77.3165	69.1321	893.6225
840	83.2905	1.9424	76.6703	69.6110	887.9518
841	90.7793	2.2813	75.8361	68.8503	876.5282
842	84.6514	2.9140	73.8250	68.1003	846.3082
843	90.4922	3.2406	71.3056	66.8294	835.0451
844	88.9129	3.6865	69.5537	64.8861	809.1077
845	94.8773	4.2550	67.4455	64.1721	793.3655
846	85.0317	5.0793	66.5697	62.2215	758.7571
847	96.1771	5.1966	62.9446	61.0884	752.2971
848	96.9357	6.0757	59.2764	59.5633	719.0925
849	93.9917	6.4843	56.6575	57.7456	687.7235
850	92.7474	6.7022	53.3753	55.6921	664.4725
851	99.6433	6.9705	49.9047	53.7356	641.6624
852	94.2608	7.4368	47.1027	50.8285	604.7006
853	96.8530	7.7127	43.9754	48.3419	576.5457
854	89.3314	8.0170	41.0567	44.3140	544.0997
855	87.9497	7.9510	39.1349	41.0430	523.4371
856	78.9039	7.8965	38.0405	37.9784	497.0727
857	76.5564	7.3598	36.3246	34.6769	486.3597
858	74.1639	7.1265	37.0326	31.2671	464.3193
859	81.2835	6.7529	36.5436	28.7861	441.9119
860	82.3008	6.4736	37.3429	26.3559	395.9031
861	80.4861	6.2292	37.8344	24.8410	355.8619
862	78.9545	5.9078	39.9589	23.4574	326.9723
863	79.2463	5.9832	40.3891	22.9774	305.6602
864	74.2067	5.7699	40.1300	22.9916	289.0387
865	71.1468	5.5545	39.6527	23.1442	285.5920
866	65.9063	4.8394	41.8389	22.2642	287.4744
867	65.1203	4.2318	44.2425	21.9665	296.0114
868	63.5541	3.4369	46.6240	22.5901	302.1960
869	63.3505	2.7580	51.8249	24.2908	317.3848
870	62.0748	1.9630	54.7956	25.6951	332.6822
871	63.8517	1.6674	58.9466	27.4970	352.5892
872	63.2917	1.0198	63.6772	28.9245	368.5246
873	63.0170	0.7867	67.8627	32.1182	391.4794
874	61.4391	0.3768	71.8656	36.4111	418.2322
875	63.3731	0.0492	75.7239	39.7614	457.6758
876	64.4061	0.0000	77.9007	44.1287	494.8780
877	65.3266	0.0000	80.1667	47.8398	531.7858
878	65.6627	0.0000	81.5057	51.7062	572.3172
879	64.6851	0.0000	82.2866	56.0015	618.1488
880	66.0289	0.0000	84.1254	59.9867	670.1819
881	64.3694	0.0000	85.8758	63.0054	718.0052
882	64.4904	0.0000	84.7838	65.8487	759.9441
883	64.5846	0.0000	85.6332	67.3030	810.8716
884	66.0429	0.0000	85.1458	68.6868	851.2350
885	66.5294	0.0000	84.1909	70.6692	880.3905
886	68.8861	0.0000	84.1979	71.0877	903.0714
887	67.8203	0.0000	84.6845	72.0792	924.6384
888	69.0835	0.0597	85.9035	72.4292	943.7175
889	67.4695	0.0561	85.8840	74.6262	949.1238
890	66.4266	0.1847	83.2134	76.1665	971.5960
891	67.3870	0.2047	84.4325	76.6605	988.3383
892	68.1214	0.3798	86.1279	76.9241	1000.8694
893	67.9565	0.3300	86.4060	77.5020	1005.8211
894	67.8006	0.1956	88.0437	78.3522	1016.6318
895	68.1721	0.0000	89.5593	78.6666	1029.2057
896	67.4203	0.0378	89.5953	80.0896	1037.9080
897	66.9743	0.0000	89.2348	80.7881	1056.3871
898	70.5410	0.0000	88.6847	80.3082	1070.7220
899	72.1917	0.0000	88.2076	82.1101	1072.5679
900	70.7344	0.1158	87.2902	81.9043	1079.2364
901	71.1809	0.2867	85.8420	82.7911	1080.9536
902	70.2692	0.3288	84.2925	83.1676	1086.4493
903	67.8663	0.2151	83.5021	81.0673	1093.3632
904	68.9979	0.0000	83.1283	80.6952	1101.3876
905	68.1468	0.0000	84.2567	79.4095	1091.6817
906	69.1520	0.0115	84.8172	79.8965	1088.1252
907	67.4477	0.0000	83.8255	79.3406	1085.1414
908	69.7048	0.0000	84.4763	78.7246	1079.1185
909	71.5613	0.0173	85.0394	79.0390	1073.1136
910	73.9676	0.0000	85.6426	80.3795	1062.6856
911	73.8611	0.0795	85.8828	78.8514	1057.9507
912	71.0666	0.3593	85.0118	78.6409	1048.2291
913	73.3004	0.3335	82.9117	79.8054	1046.1948
914	74.6417	0.2165	82.9794	78.6176	1041.5246
915	75.1571	0.4440	83.5400	77.8335	1033.4253
916	74.4254	0.4501	82.8453	78.0416	1022.2359
917	75.6865	0.4127	83.0188	76.5764	1019.8307
918	77.7066	0.4944	83.7602	76.5871	1011.4316
919	78.1162	0.6647	82.6465	76.3301	995.8783
920	75.3388	0.7375	81.6080	76.6875	983.1738
921	72.9401	0.9629	79.7177	75.7249	982.8439
922	74.3937	1.0737	78.7458	75.5541	985.2467
923	74.7196	1.1759	78.0425	74.7535	980.4877
924	74.1180	1.4296	77.3025	74.7105	979.6517
925	72.6900	1.4678	76.6107	75.0509	979.4234
926	72.9995	1.2395	76.0988	73.6200	984.3574
927	75.6748	1.1846	75.7655	72.7100	977.2695
928	74.0822	1.3529	76.2421	73.4019	958.0706
929	75.1793	1.5064	74.7286	71.3881	954.5055
930	75.7494	1.4742	74.5920	69.5621	942.4573
931	75.9199	1.4772	75.0346	68.1858	929.3457
932	74.7074	1.5935	73.7035	66.9903	917.7584
933	73.6318	1.6499	74.5249	66.2914	902.8045
934	74.8897	1.7192	73.3318	66.8818	882.3267
935	76.4132	1.8309	71.1586	66.1365	872.9121
936	74.3218	2.0002	70.0701	65.0835	861.4633
937	76.2019	2.0338	68.8688	63.3226	857.2345
938	76.3750	2.0517	67.4821	61.6242	836.4404
939	76.4394	2.2416	66.9063	61.4977	819.0450
940	77.0977	2.4993	65.4553	60.3154	807.7137
941	75.3831	2.4632	64.6193	60.2458	791.9468
942	76.2176	2.5031	65.2667	58.9240	785.2658
943	76.7748	2.4791	63.3247	57.9010	767.7291
944	77.5689	2.3872	62.1940	57.1485	753.5627
945	77.0092	2.1582	62.7096	56.8393	744.9795
946	76.0922	2.2549	61.6290	54.2096	729.7079
947	75.9673	2.2519	61.6975	52.2012	714.5100
948	76.0396	2.2240	62.1188	50.6774	699.5464
949	75.7928	2.1315	61.4432	50.6011	683.6409
950	74.9343	2.0045	61.9031	50.6267	669.1802
951	74.4771	1.9467	62.6682	50.0880	665.6708
952	74.0436	1.9275	62.9421	51.2991	661.9338
953	73.6929	1.9473	63.0176	50.9339	660.2387
954	72.6820	2.1800	62.6552	51.7196	659.0537
955	73.0699	2.1016	61.5124	51.3598	656.4051
956	73.2845	1.9989	62.0897	50.7567	655.8015
957	72.4705	2.2734	63.0513	50.4799	655.6571
958	71.7614	2.4828	62.8273	50.0607	656.9444
959	70.2255	2.4733	60.4399	50.6383	654.7851
960	71.0686	2.4910	60.1286	50.3212	662.2428
961	69.2483	2.2612	59.1961	50.4095	661.6579
962	71.7061	2.1244	58.2721	49.1285	665.5813
963	71.2873	1.7704	57.7723	48.7650	664.3714
964	70.6120	1.5899	55.8816	46.6698	653.8395
965	72.2868	1.4732	57.0290	46.1080	640.2633
966	71.3934	1.4865	59.1053	45.3228	630.3601
967	70.8391	1.4368	60.3122	46.2337	624.3917
968	69.2443	1.4622	62.5009	46.7229	617.4405
969	72.0312	1.3785	62.1314	47.7368	616.1288
970	70.2981	1.3554	63.0088	48.2408	608.8294
971	72.7777	1.0211	62.9591	47.4870	618.6979
972	73.4694	1.1156	64.6972	46.2870	618.1188
973	72.9166	1.1421	64.0178	47.4681	610.9321
974	73.5895	1.1392	63.4475	48.4368	607.0684
975	74.5527	1.2276	63.8364	49.8590	611.7434
976	71.8511	1.3300	64.1969	50.4442	621.9098
977	76.1770	1.2717	64.3818	51.4367	629.9355
978	76.0614	1.4221	64.0208	51.4804	628.1207
979	72.0986	1.4725	65.1041	51.2189	634.0224
980	68.8117	1.5161	64.4403	52.2195	643.2971
981	69.6514	1.2198	65.1289	53.2462	658.5600
982	71.9363	1.0998	64.7151	53.1586	673.0380
983	73.0711	1.2478	64.2043	53.1329	681.7515
984	75.5887	1.2511	65.5659	53.0720	682.5437
985	78.4078	1.3469	65.6213	53.2097	680.1746
986	80.2360	1.4994	64.9001	53.3334	673.2761
987	76.3296	1.9110	64.7847	52.9871	656.7288
988	73.2239	2.0786	63.4574	52.6239	658.6576
989	72.0250	1.7355	62.1229	52.4840	665.3254
990	71.0878	1.6135	63.1862	51.8661	670.2060
991	69.3035	1.4811	64.1248	51.4807	676.7412
992	67.1943	1.2681	64.7723	51.2021	682.0906
993	64.2000	1.1517	64.0465	52.4120	684.4823
994	66.2761	0.7061	65.2110	52.1471	703.2147
995	64.7368	0.3352	66.3061	51.9536	706.7826
996	68.3528	0.3768	67.5185	52.6806	713.3133
997	65.7953	0.3660	69.0546	53.5932	714.9774
998	64.0729	0.0693	68.8777	54.9585	723.3820
999	63.8223	0.0000	69.6246	55.3409	741.7874
1000	64.4840	0.0000	69.6254	55.1097	751.9394
