Oil	CPI	Rate	SP500
-39.4190	-0.2741	-0.4900	5.2397
-20.3766	-0.4585	-0.9200	5.7133
1.8075	-0.1840	-0.4800	2.4241
18.0503	0.2759	0.4100	0.2099
-13.5577	0.5495	0.0900	2.8113
-14.7348	0.0000	-0.5000	-2.1010
26.4552	0.1825	-0.1300	1.9786
-1.5349	0.4548	0.2800	-2.7728
0.2015	0.0907	-0.0200	-0.3784
2.1249	0.0906	-0.1800	3.1920
5.6830	0.0905	-0.1400	1.4179
14.6406	0.6315	-0.0300	6.1996
-4.9461	0.3591	0.1700	6.0157
3.0516	0.4470	0.0000	4.0466
2.0552	0.5338	0.7700	-1.1000
3.9879	0.3543	0.5900	-0.0692
3.1893	0.3530	-0.2100	4.1666
6.1357	0.2640	0.0500	2.8457
-4.9470	0.5259	0.3100	6.0378
-3.9162	0.5231	0.6600	-3.3023
1.6756	0.2605	0.1000	-12.8747
-5.2195	0.0867	-0.6600	-13.4245
-8.6963	0.0000	0.1300	-1.6461
-0.8718	0.2596	-0.3200	3.8662
-1.9452	0.2590	-0.4600	2.9888
-3.6368	0.4301	0.1600	2.9021
9.7552	0.5137	0.3500	-1.1736
-2.4945	0.3410	0.3700	-2.5064
-5.2442	0.4246	-0.1700	5.5443
-6.4337	0.4228	0.1400	-0.5928
0.1289	0.4211	0.2000	-2.0271
-6.5226	0.6700	-0.2800	1.6175
-5.4411	0.3333	-0.1800	3.4474
2.6515	0.0832	0.1600	-2.3342
14.7053	0.1661	0.1500	2.0092
9.5421	0.4967	-0.0200	3.1681
-0.4449	0.4120	0.0800	2.9688
8.2355	0.5740	0.1900	-0.4432
7.8462	0.6520	-0.1800	3.2272
-4.6136	0.5670	-0.3200	3.7655
-0.3485	0.2420	-0.5800	3.0743
-1.3558	0.2414	-0.2600	2.5017
-6.2586	0.1606	0.0900	4.3338
5.2933	0.3205	0.0800	0.2018
2.5701	0.4789	-0.1800	0.0288
-1.2012	0.2386	-0.1400	-2.0943
6.0565	0.1587	-0.0300	2.4391
8.0116	1.0257	0.3700	-2.5068
-3.3359	0.4699	0.2600	-2.8402
-8.0985	0.5454	0.1200	2.3951
-10.1065	0.1553	0.2000	-0.0828
-1.2558	0.2325	-0.0300	3.5069
-8.6013	0.5403	-0.2800	2.8540
9.9656	0.3842	-0.0100	-0.0999
39.2189	0.9160	0.2800	-8.4825
20.4591	0.8324	0.1400	-4.7489
7.2786	0.6011	-0.1700	-2.6635
-10.8634	0.2245	-0.3300	2.6254
-16.9842	0.0000	-0.3100	4.1805
-7.8120	0.5961	0.0100	-0.9966
-20.8585	0.1485	-0.2400	10.7030
-2.8729	0.1483	0.2600	2.7284
4.5675	0.1480	-0.0700	1.9683
1.9021	0.2954	0.0300	-0.4461
-5.0228	0.2946	0.2100	0.0793
5.8203	0.1470	-0.0100	0.5115
1.3460	0.2933	-0.3700	2.3831
0.9179	0.4383	-0.2500	-0.5666
5.9415	0.1457	-0.1200	-0.0827
-3.3709	0.2907	-0.1100	-0.2484
-14.1321	0.0725	-0.3300	0.6689
-3.7090	0.1449	-0.0600	6.8559
1.1640	0.3614	0.3100	-0.8496
-0.4746	0.5038	0.2000	-1.2684
6.6947	0.1435	-0.0600	0.0123
3.6403	0.1433	-0.0900	1.8001
6.5045	0.3573	-0.1300	-1.5892
-2.7622	0.2138	-0.4200	1.6470
-2.0409	0.2843	-0.2500	0.6915
2.4990	0.2835	-0.1700	0.1315
-0.8722	0.3532	0.1700	-1.4393
-6.4262	0.1409	0.2800	2.4758
-4.6801	-0.0704	-0.1000	2.9822
-1.9772	0.4921	-0.1700	-0.0942
5.4205	0.3500	-0.3400	1.4756
1.1383	0.3488	-0.2800	1.8972
-0.3451	0.2782	-0.0100	-1.5853
-1.4926	0.1388	0.0700	0.4886
-4.4065	0.1386	-0.0800	0.6291
-6.4923	0.0000	-0.1500	-0.1720
0.6685	0.2766	-0.1300	1.5176
-2.8726	0.2070	-0.3200	1.1189
3.6470	0.4127	-0.0300	1.0096
-8.8666	0.0686	0.3900	-0.2180
-13.4478	0.0000	0.0500	0.6589
3.4521	0.2740	-0.0200	1.4996
-1.6773	0.3414	0.2200	-0.2985
-0.6789	0.3403	0.5100	-1.6614
11.2014	0.1358	0.4900	-3.6402
8.5742	0.0678	0.2100	0.8173
6.3350	0.3384	-0.0800	0.8678
3.0994	0.2699	0.2000	-0.7570
-6.7323	0.4035	-0.0600	2.8048
-5.1923	0.2681	0.2200	0.5842
1.5354	0.0669	0.2800	-0.6769
1.9559	0.1337	0.2200	-0.6055
-5.1672	0.0000	-0.1500	-1.2705
5.0010	0.4000	-0.0300	2.1860
2.8956	0.3984	-0.3100	3.5203
-0.1617	0.3308	-0.2700	2.3035
7.0789	0.3297	-0.1400	2.9491
-0.8073	0.1973	-0.4300	3.0825
-6.7583	0.1969	-0.4600	2.9236
-6.2625	0.0000	0.1100	3.2865
3.9043	0.2620	0.2100	0.3117
1.1586	0.1960	-0.2900	3.4559
-4.4876	0.3258	-0.1600	0.7145
3.1623	-0.0651	-0.1100	2.1402
5.6201	-0.0651	-0.2200	3.1471
-0.8973	0.5846	-0.0600	-0.0244
1.2121	0.3233	0.1600	5.5586
11.0950	0.5151	0.4600	-0.3810
9.6886	0.3846	0.2400	0.0155
-10.4415	0.1918	0.2300	2.1493
-3.6070	0.0638	0.1700	1.0935
4.2192	0.1913	-0.0400	-3.7229
2.7780	0.1909	-0.2300	2.8485
9.0316	0.3174	0.1900	1.8243
3.7261	0.3164	-0.3000	3.8629
-4.8167	0.1893	-0.3300	4.7618
6.2137	0.0000	0.1000	1.0251
-0.3971	0.3148	0.2800	3.0437
-12.4871	0.3138	-0.1600	4.1128
-5.6098	0.2503	0.2700	-0.7834
-6.2474	0.1249	0.2000	-3.6287
5.5295	-0.0624	-0.1800	8.6666
-7.7884	0.1248	-0.2200	5.0555
2.0556	0.1247	-0.2700	5.4410
1.4643	0.1867	0.0800	0.2105
-0.7547	0.2484	-0.0900	1.0492
7.4433	0.2478	-0.1800	1.4978
-5.4927	-0.0619	-0.1500	-1.2952
-9.6648	-0.1239	-0.0700	2.4669
-9.1933	0.1858	-0.2700	0.1028
-4.0274	0.1855	0.0300	6.0791
-6.0313	0.1851	0.0800	5.0559
1.5097	0.1848	-0.0100	3.2318
-2.9083	0.1844	0.0100	-0.3404
-8.3178	0.1228	-0.1500	-0.0027
3.2272	0.1226	-0.0400	4.2559
-5.0662	0.1225	-0.1200	-7.3500
10.9583	0.1223	-0.5300	-5.1537
-3.8662	0.2442	-0.2800	1.1524
-10.6437	0.0000	0.3000	10.2953
-13.5732	-0.0610	-0.1800	3.9089
9.8110	0.2438	0.0700	4.8164
-4.1588	0.1217	0.2800	-0.1755
20.0746	0.3035	0.2300	2.7752
16.4798	0.7246	-0.0500	4.0595
2.3410	0.0000	0.3600	-0.2017
1.1223	0.0000	0.3600	-0.7172
11.4802	0.3004	-0.1100	4.3239
5.7048	0.2397	0.1500	-3.9511
11.1918	0.4776	-0.0200	-0.7046
-4.7761	0.1785	0.1900	-1.3872
9.6952	0.0594	-0.0800	6.7651
4.3059	0.0000	0.2500	2.6728
4.3485	0.2966	0.3800	-0.2165
7.4553	0.5907	-0.1400	-2.6095
1.5876	0.8211	-0.2600	3.7686
-14.8581	0.0584	-0.2700	1.3191
11.2759	0.1167	0.4500	-2.9782
10.0067	0.5234	-0.3400	3.0192
-6.8948	0.2317	-0.0500	0.7523
5.1192	0.0000	-0.2200	0.8423
8.0486	0.5195	-0.0300	-1.1789
-2.2990	0.1726	-0.0600	-5.4531
3.8802	0.0575	-0.0200	-0.8742
-19.0841	-0.0575	-0.4800	-3.4784
3.9640	0.6302	-0.0800	0.3525
0.0676	0.3990	-0.0600	-2.2626
-8.3059	0.2273	-0.2100	-9.6318
0.8769	0.3965	0.2500	0.3359
4.0633	0.4512	0.2500	6.5489
-3.6639	0.1687	-0.1100	-2.5238
-4.3316	-0.2813	-0.0400	-2.8047
3.4948	0.0000	-0.2700	-2.1781
-4.3688	0.4497	-0.2400	-12.0570
-16.7019	-0.3371	-0.1600	3.0126
-12.1172	-0.1690	0.0800	4.8136
-1.2811	-0.3954	0.4400	1.3409
1.6876	0.2261	-0.0500	-0.4131
4.9466	0.3945	-0.1300	-3.5293
16.8797	0.5609	0.3700	4.7133
6.5099	0.5577	-0.0700	-3.6955
3.2321	0.0000	-0.0500	-2.9831
-5.7855	0.0556	-0.2300	-6.2344
5.5263	0.1111	-0.2800	-11.5302
5.1312	0.3326	-0.3900	0.9867
4.3762	0.1659	-0.3900	-5.0270
-2.8036	0.1656	0.0700	-1.5304
-9.0295	0.0000	0.1100	6.2699
11.1565	-0.2209	-0.0200	-1.1884
11.1958	0.4413	0.0200	-0.3721
8.3794	0.7675	-0.1500	-6.7902
-6.6942	0.5990	-0.0900	1.1404
-17.3586	-0.2174	0.1500	4.9991
-0.2132	-0.1634	-0.3900	5.0318
8.6833	0.1089	-0.2400	5.4110
0.3256	0.1088	0.6500	0.4585
2.5992	0.3799	0.4700	-0.3037
-10.8992	0.3245	-0.1800	2.9779
6.9252	-0.1080	0.0200	1.8745
2.5062	-0.2706	0.0100	1.0696
3.2261	-0.1085	-0.0300	2.8859
6.5647	0.4871	-0.1200	4.6892
1.1015	0.5385	-0.0700	0.9526
5.7415	0.6424	-0.2500	-1.7095
0.0272	0.3197	0.5200	0.8311
9.1717	0.5834	0.3700	-2.7352
-5.7480	0.3168	0.0100	2.6823
6.9816	-0.1583	-0.2300	-2.4043
9.6246	0.0528	-0.2200	-1.5410
2.2898	0.2109	-0.1500	2.6032
14.8225	0.5252	-0.0300	-0.0403
-9.4616	0.0524	0.0900	4.5263
-11.6263	-0.3672	0.0400	2.5566
8.2055	0.2100	-0.0100	-1.4954
2.7584	0.5752	-0.0500	1.5305
11.8175	0.7790	0.3300	-0.3951
-2.2582	0.6703	-0.1600	-2.5831
-6.1297	-0.1028	-0.2000	1.1824
12.2965	0.0514	-0.1400	2.0139
4.5955	0.4617	0.1800	1.6490
9.6696	0.5105	0.0800	0.1660
0.9190	1.2146	-0.0600	0.1347
-5.2104	0.2010	0.2600	-2.8093
-6.5374	-0.8065	0.0800	3.7389
1.8517	-0.4057	-0.0700	1.9765
9.7435	0.7593	-0.0500	1.3114
-6.0749	0.2015	0.1500	-0.1628
1.7053	0.5521	0.1500	1.3298
10.2261	0.8473	0.2700	0.6495
1.9961	0.4951	0.1200	-0.9382
0.1552	0.1973	0.0000	-2.8974
4.7615	0.2953	-0.0200	0.5626
-1.8583	0.1964	-0.2100	2.1128
-13.5254	-0.4916	-0.1600	2.3488
-8.0082	-0.5436	0.0100	3.4049
0.3221	-0.1488	-0.1300	1.8358
4.7597	0.1488	-0.0400	1.9808
-12.8105	0.3068	0.2000	0.5450
8.3888	0.5321	-0.0400	1.4389
1.9379	0.9050	-0.1600	-2.6547
5.6919	0.6504	0.1300	3.9502
-0.8161	0.6078	0.0600	3.1938
6.1570	0.1922	0.3500	0.2016
9.3706	-0.0240	-0.1000	0.4297
-2.4032	-0.1826	-0.3300	-4.4433
9.9372	0.2738	-0.1500	2.8799
7.0993	0.2156	0.0100	2.8018
9.9434	0.5917	-0.3800	-5.0806
-3.3040	-0.0666	-0.0500	1.0759
1.3864	0.4939	-0.3600	-7.0330
2.5697	0.2886	0.0000	-1.7479
10.0263	0.8654	-0.2300	-2.8395
6.5427	0.6023	0.1700	3.9843
10.7845	0.8390	0.2000	2.3616
6.5435	1.0013	0.2200	-4.5168
-0.3817	0.5242	-0.0900	-6.4612
-13.3778	-0.3963	-0.1200	1.9017
-11.3901	-0.1416	-0.2000	-5.1660
-30.6720	-1.0153	0.1200	-22.8045
-29.0252	-1.9301	-0.2800	-9.2688
-33.1981	-1.0410	-1.1100	-0.6225
1.4246	0.4319	0.1000	-1.3746
-6.4874	0.4961	0.3500	-7.2272
20.4084	0.2448	-0.0500	-6.1593
3.5048	0.2489	0.1100	11.3523
17.3047	0.2903	0.3600	6.2011
16.5293	0.8521	0.4300	2.5935
-8.2115	-0.1578	-0.1600	1.0419
10.2160	0.2226	0.0300	7.6015
-2.3353	0.0648	-0.1900	3.3903
8.7011	0.0972	-0.0100	2.1883
2.9538	0.0694	0.0100	1.8936
-4.6184	-0.1758	0.1900	2.0297
5.0534	0.3421	0.1400	1.1818
-2.5079	0.0231	-0.0400	-3.1113
6.1063	0.4098	0.0400	5.6136
3.7348	0.1745	0.1200	3.8543
-13.3718	0.0779	-0.4300	-6.2249
2.1466	-0.0963	-0.2200	-3.7769
1.2924	0.0183	-0.1900	-0.3291
0.3662	0.1375	-0.3100	0.6903
-1.7914	0.0595	-0.0500	3.1505
8.4694	0.1235	-0.1100	4.3169
2.8412	0.0411	0.2200	2.3043
5.6532	0.1735	0.5300	3.4948
0.0224	0.4734	0.1000	3.2560
-0.6639	0.4937	0.1900	2.9575
14.9463	0.9713	-0.1700	-1.2668
6.2830	0.6423	0.0500	2.0501
-8.2069	0.4658	-0.2900	0.5094
-4.7077	-0.1063	-0.1700	-3.8868
1.0746	0.0886	0.0000	2.9017
-11.9622	0.2741	-0.7000	-11.1552
-0.9427	0.1544	-0.3200	-0.9690
0.9311	-0.2074	0.1700	2.8006
11.8298	-0.0840	-0.1400	1.5779
1.4306	-0.2478	-0.0300	1.3686
1.7201	0.4377	-0.0100	4.5025
1.9065	0.4402	0.0000	3.9137
3.8016	0.7570	0.2000	2.6809
-2.7116	0.3047	-0.1200	-0.2025
-8.7539	-0.1218	-0.2500	-3.3115
-13.9920	-0.1437	-0.1800	-1.3352
6.5829	-0.1657	-0.0900	2.7058
6.8477	0.5572	0.1500	3.1611
0.4029	0.4461	0.0400	2.8082
-5.4579	-0.0389	0.0300	-0.3887
-3.3636	-0.4767	-0.1000	-3.0585
1.5253	-0.2697	0.0700	1.9725
7.5603	0.2957	0.1900	4.0044
0.5787	0.8174	0.0700	2.1326
-2.5181	0.2581	-0.0200	2.5152
-0.9948	-0.1032	-0.2000	1.2731
2.6700	0.1762	0.1700	4.3077
1.3244	0.2401	0.3700	-1.2932
8.8863	0.0428	0.2800	3.0366
1.7990	0.1198	0.1600	0.0845
-0.2631	0.1154	0.0700	1.0175
-5.5616	-0.2566	-0.1900	1.9289
-6.8751	-0.2057	0.1000	3.6258
3.9381	-0.0086	0.1800	1.3499
-3.1316	0.3726	-0.0400	0.8033
6.3468	0.3670	-0.1500	-0.2924
-0.0198	0.6411	0.0100	2.5258
1.2520	0.3296	-0.0100	0.0397
0.1077	0.3495	-0.1500	1.3591
3.4720	0.1848	0.0400	2.9881
-2.1015	-0.0378	-0.0600	1.3270
-7.0483	-0.1680	-0.1200	-0.5881
-3.5102	0.0756	0.1100	1.6032
-9.9288	-0.2524	-0.2300	-2.8477
-10.7601	-0.5406	0.0300	5.3908
-24.5526	-0.5691	-0.1200	0.4733
-22.7623	-0.4696	-0.3300	-1.2782
6.8739	0.4312	0.1000	2.6286
-5.6112	0.5947	0.0600	-0.1062
12.9839	0.2031	-0.1000	0.7124
8.4820	0.5101	0.2600	0.8120
0.9237	0.3484	0.1600	-0.6008
-16.1477	0.0042	-0.0400	-0.2456
-17.1691	-0.1384	-0.1500	-2.6257
5.9100	-0.1596	0.0000	-4.7927
1.6140	-0.0420	-0.1000	4.0517
-8.5321	-0.2104	0.1900	2.7190
-13.2051	-0.3419	-0.0200	-1.2838
-16.0354	0.1647	-0.1500	-6.8232
-4.3878	0.0802	-0.3100	-0.7418
21.3866	0.4293	0.1100	5.9885
8.1782	0.4734	-0.0800	2.6159
13.6502	0.4046	0.0000	-0.4825
4.2952	0.3283	-0.1700	0.8840
-8.8056	-0.1619	-0.1400	3.0720
0.1567	0.0914	0.0600	1.0209
1.0234	0.2405	0.0700	-0.6127
9.6959	0.1242	0.1300	-0.6822
-8.6391	-0.1573	0.3800	1.0200
12.9444	0.0331	0.3500	3.7016
1.0147	0.5823	-0.0600	1.2601
1.8308	0.3125	-0.0100	2.3797
-8.0588	0.0821	0.0600	1.5718
3.4469	0.2949	-0.1800	-0.3178
-5.1850	0.0858	0.0000	1.5160
-7.0497	0.0939	-0.1100	1.6003
3.1590	-0.0694	0.1300	0.8228
2.9790	0.2978	-0.1100	0.0863
3.6383	0.5281	-0.0100	1.4799
3.4717	-0.0648	0.1600	2.5412
9.3581	0.0041	-0.0100	1.4216
2.1656	-0.0608	0.0500	2.6906
9.5813	0.5461	0.1800	4.6014
-2.3347	0.4508	0.2800	-3.0809
0.8003	0.2247	-0.0200	-0.0884
5.4596	0.3999	0.0300	-1.8349
5.4774	0.4142	0.1100	1.7875
-3.0615	0.1589	-0.0700	1.9378
4.4804	0.0079	-0.0200	1.4164
-4.2008	0.0555	0.0000	2.2714
3.1386	0.1149	0.1100	1.5169
0.7377	0.1741	0.1500	-4.0815
-21.6803	-0.3327	-0.0300	-2.2594
-13.9973	-0.3219	-0.2900	-5.8960
3.6872	0.1909	-0.1200	1.5491
6.7175	0.4242	-0.0300	5.5017
5.6602	0.5602	-0.1100	1.7673
9.3667	0.5297	-0.0400	3.4980
-4.8610	0.2111	-0.1300	-1.7050
-10.6951	0.0195	-0.3400	1.2345
4.8041	0.1677	-0.4300	3.6001
-4.5300	-0.0039	0.0000	-3.3468
3.8301	0.0779	0.0700	2.8799
-5.3931	0.2295	0.0100	-0.1502
5.5334	-0.0544	0.1000	4.1838
4.8765	-0.0934	0.0500	2.2876
-4.0210	0.3884	-0.1000	3.1437
-12.9368	0.2748	-0.2600	-0.0271
-54.8254	-0.2167	-0.6300	-21.1562
-56.8125	-0.6725	-0.2100	4.0484
54.5621	0.0000	0.0100	5.5506
29.3704	0.5484	0.0600	6.1453
6.0763	0.5030	-0.1100	3.2624
3.9259	0.3160	0.0300	5.5805
-6.6146	0.1384	0.0300	-0.7753
-0.5821	0.0423	0.1100	1.5679
3.8342	-0.0615	0.0800	3.7403
13.8465	0.0922	0.0600	4.0401
10.0671	0.4252	0.1500	2.6290
12.6971	0.5452	0.1800	2.3365
5.4228	0.7085	0.3500	0.6948
-0.9835	0.8159	0.0300	5.7312
5.4391	0.7982	-0.0200	0.6420
9.1018	0.9281	-0.1000	1.6807
1.5431	0.4773	-0.2000	2.9116
-6.7919	0.2086	-0.0400	2.0526
5.6264	0.2701	0.0900	-0.1947
12.8564	0.8277	0.2100	0.3405
-2.9013	0.4905	-0.0200	4.5292
-9.8715	0.3053	-0.0900	0.1581
14.8857	0.8394	0.2900	-2.1833
9.6380	0.9100	0.1700	-3.0599
16.8882	1.3235	0.2000	-1.0131
-6.3937	0.5584	0.6200	0.0007
7.3567	1.0973	0.1500	-8.3291
4.7159	1.3626	0.2400	-3.5627
-12.2299	-0.0101	-0.2400	0.3273
-8.1462	-0.0371	0.0000	6.1190
-10.5871	0.2159	0.6200	-7.6961
3.8303	0.4035	0.4600	-3.2859
-3.6998	-0.1007	-0.0900	5.0102
-9.8706	-0.3061	-0.2700	-0.1305
2.1740	0.7953	-0.0900	1.2264
-1.6651	0.5567	0.2200	2.9610
-4.7307	0.2755	-0.0900	-2.7617
8.0840	0.5587	-0.2000	3.7806
-10.4312	0.2535	0.1100	0.5977
-1.8755	0.3217	0.1800	4.6926
